14,14,9,24,4,11,10,5,21
11,9,9,11,9,11,11,12,12,12,11,26,11,11,9,11,9,11,32,32,32,32,32
5,10,5,13,7,24,24,24,24,24,7
13,13,13
13,13,13,13,13,13,13,13
18,18,23,23,18,20,20,20,20,20,7,23,1,1,32,7,24,1,7,11,16,15,6,24,24,24,24,2
14,23,23,14,6,23,6,6,32,23,23,6,23,32,23,6,1,24,1,12,12,14,6,19,19
19,19,,19,19,19,19,19,19,19,19,23,9,23,24,25,1,1,123,8
14,14,14,11,11,11,32,32,32,32,32,32,32,32,32,15,15,15,32,32,32,25,25,25
20,1,23,7,20,20,24,11,32,4,13,32,32,6,23,32,9,9,6,6
9,17,11,10,24,11,32,11,16,7,32,5,24,24,24,14,10
14,25,1,32,6,23,9,6,24,10,32,32,32
